0.67	-0.61	-0.53
0.66	-0.61	-0.52
0.62	-0.62	-0.52
0.55	-0.64	-0.52
0.47	-0.64	-0.53
0.42	-0.64	-0.55
0.42	-0.64	-0.54
0.46	-0.67	-0.51
0.53	-0.67	-0.48
0.61	-0.66	-0.47
0.67	-0.67	-0.47
0.70	-0.68	-0.47
0.68	-0.67	-0.52
0.63	-0.69	-0.59
0.51	-0.65	-0.54
0.44	-0.73	-0.53
0.41	-0.77	-0.50
0.40	-0.74	-0.51
0.41	-0.69	-0.51
0.47	-0.66	-0.47
0.56	-0.67	-0.42
0.63	-0.66	-0.38
0.66	-0.66	-0.36
0.64	-0.68	-0.35
0.58	-0.80	-0.36
0.54	-0.87	-0.43
0.49	-0.74	-0.47
0.46	-0.70	-0.51
0.50	-0.72	-0.55
0.56	-0.68	-0.57
0.62	-0.66	-0.57
0.66	-0.65	-0.53
0.69	-0.68	-0.47
0.70	-0.72	-0.43
0.66	-0.75	-0.43
0.60	-0.78	-0.45
0.57	-0.78	-0.49
0.55	-0.76	-0.53
0.55	-0.73	-0.55
0.58	-0.70	-0.53
0.61	-0.67	-0.48
0.63	-0.66	-0.40
0.62	-0.67	-0.35
0.60	-0.68	-0.29
0.56	-0.68	-0.26
0.54	-0.68	-0.23
0.51	-0.69	-0.21
0.51	-0.71	-0.22
0.54	-0.70	-0.25
0.58	-0.70	-0.28
0.62	-0.83	-0.36
0.66	-0.89	-0.53
0.64	-0.81	-0.58
0.59	-0.73	-0.62
0.58	-0.72	-0.58
0.59	-0.75	-0.53
0.59	-0.77	-0.49
0.60	-0.79	-0.46
0.60	-0.80	-0.45
0.59	-0.80	-0.43
0.57	-0.77	-0.41
0.56	-0.73	-0.38
0.58	-0.70	-0.32
0.62	-0.69	-0.26
0.63	-0.70	-0.22
0.64	-0.71	-0.23
0.60	-0.71	-0.29
0.54	-0.73	-0.35
0.41	-0.77	-0.41
0.36	-0.76	-0.42
0.38	-0.75	-0.33
0.44	-0.74	-0.19
0.53	-0.74	-0.09
0.62	-0.77	-0.11
0.69	-0.77	-0.17
0.74	-0.75	-0.23
0.77	-0.74	-0.25
0.78	-0.77	-0.23
0.74	-0.78	-0.22
0.66	-0.79	-0.25
0.58	-0.78	-0.27
0.53	-0.77	-0.27
0.52	-0.79	-0.26
0.54	-0.79	-0.23
0.56	-0.75	-0.18
0.57	-0.70	-0.16
0.60	-0.67	-0.14
0.61	-0.67	-0.10
0.60	-0.69	-0.08
0.59	-0.73	-0.09
0.60	-0.78	-0.11
0.62	-0.84	-0.11
0.63	-0.86	-0.10
0.64	-0.84	-0.09
0.64	-0.79	-0.05
0.63	-0.74	-0.02
0.62	-0.72	0.02
0.60	-0.71	0.04
0.59	-0.73	0.05
0.59	-0.76	0.04
0.59	-0.77	0.06
0.60	-0.79	0.15
0.66	-0.82	0.16
0.67	-0.82	0.14
0.65	-0.81	0.10
0.64	-0.78	0.08
0.65	-0.75	0.09
0.64	-0.67	0.09
0.66	-0.61	0.06
0.68	-0.60	0.02
0.70	-0.62	-0.01
0.72	-0.70	-0.01
0.75	-0.76	0.04
0.75	-0.82	0.06
0.75	-0.84	0.08
0.73	-0.84	0.05
0.69	-0.84	0.01
0.67	-0.80	-0.04
0.66	-0.77	-0.04
0.63	-0.68	0.02
0.59	-0.59	0.10
0.59	-0.55	0.14
0.60	-0.57	0.15
0.62	-0.62	0.12
0.62	-0.68	0.10
0.60	-0.71	0.09
0.56	-0.74	0.08
0.54	-0.80	0.06
0.57	-0.83	0.03
0.61	-0.72	0.09
0.64	-0.61	0.16
0.67	-0.57	0.24
0.71	-0.55	0.30
0.73	-0.57	0.30
0.75	-0.60	0.29
0.75	-0.62	0.26
0.74	-0.66	0.24
0.72	-0.69	0.23
0.69	-0.72	0.22
0.67	-0.76	0.22
0.66	-0.75	0.23
0.65	-0.69	0.25
0.65	-0.62	0.30
0.64	-0.59	0.35
0.63	-0.57	0.39
0.64	-0.58	0.42
0.63	-0.59	0.42
0.61	-0.61	0.41
0.61	-0.63	0.39
0.62	-0.66	0.39
0.63	-0.66	0.42
0.63	-0.63	0.46
0.64	-0.58	0.49
0.66	-0.55	0.51
0.68	-0.56	0.51
0.69	-0.58	0.53
0.69	-0.59	0.54
0.67	-0.57	0.55
0.64	-0.57	0.55
0.62	-0.59	0.55
0.60	-0.61	0.55
0.58	-0.61	0.56
0.56	-0.59	0.56
0.55	-0.56	0.58
0.55	-0.50	0.58
0.58	-0.54	0.60
0.59	-0.52	0.59
0.58	-0.50	0.60
0.56	-0.49	0.62
0.48	-0.57	0.81
0.52	-0.49	0.88
0.56	-0.51	0.84
0.58	-0.49	0.83
0.62	-0.47	0.79
0.64	-0.53	0.70
0.61	-0.54	0.65
0.50	-0.52	0.61
0.45	-0.50	0.54
0.44	-0.47	0.49
0.45	-0.44	0.50
0.45	-0.40	0.53
0.48	-0.40	0.60
0.49	-0.39	0.67
0.48	-0.38	0.70
0.47	-0.39	0.71
0.46	-0.40	0.73
0.46	-0.42	0.76
0.48	-0.47	0.78
0.51	-0.50	0.81
0.52	-0.48	0.85
0.50	-0.43	0.88
0.48	-0.39	0.89
0.46	-0.35	0.87
0.44	-0.35	0.82
0.42	-0.35	0.76
0.41	-0.35	0.72
0.43	-0.36	0.70
0.45	-0.39	0.70
0.47	-0.39	0.73
0.46	-0.38	0.81
0.42	-0.36	0.89
0.37	-0.35	0.96
0.31	-0.34	0.94
0.31	-0.34	0.88
0.33	-0.35	0.80
0.37	-0.38	0.73
0.44	-0.40	0.70
0.51	-0.44	0.69
0.57	-0.46	0.69
0.55	-0.43	0.72
0.40	-0.37	0.76
0.31	-0.34	0.78
0.27	-0.32	0.78
0.19	-0.33	0.78
0.14	-0.32	0.80
0.15	-0.34	0.85
0.16	-0.33	0.90
0.20	-0.37	0.89
0.27	-0.39	0.87
0.35	-0.40	0.86
0.40	-0.39	0.85
0.42	-0.38	0.85
0.43	-0.36	0.85
0.42	-0.33	0.86
0.38	-0.29	0.88
0.33	-0.26	0.90
0.28	-0.27	0.92
0.24	-0.28	0.94
0.20	-0.30	0.95
0.16	-0.33	0.94
0.13	-0.34	0.93
0.12	-0.36	0.88
0.12	-0.36	0.83
0.11	-0.34	0.80
0.13	-0.31	0.78
0.16	-0.27	0.80
0.27	-0.20	0.84
0.39	-0.25	0.90
0.37	-0.21	0.93
0.32	-0.23	0.94
0.24	-0.27	0.92
0.20	-0.29	0.91
0.21	-0.35	0.88
0.22	-0.38	0.87
0.26	-0.40	0.90
0.30	-0.38	0.96
0.31	-0.37	0.98
0.33	-0.36	0.98
0.34	-0.40	0.94
0.36	-0.44	0.92
0.34	-0.45	0.92
0.28	-0.43	0.89
0.22	-0.40	0.86
0.19	-0.35	0.83
0.18	-0.32	0.80
0.18	-0.30	0.80
0.18	-0.30	0.83
0.18	-0.35	0.84
0.18	-0.37	0.86
0.19	-0.40	0.86
0.19	-0.44	0.83
0.22	-0.47	0.79
0.27	-0.49	0.75
0.29	-0.50	0.75
0.26	-0.50	0.75
0.21	-0.50	0.77
0.16	-0.48	0.80
0.12	-0.44	0.84
0.10	-0.37	0.87
0.09	-0.31	0.90
0.09	-0.32	0.90
0.10	-0.34	0.90
0.13	-0.40	0.86
0.16	-0.45	0.82
0.19	-0.49	0.77
0.17	-0.53	0.71
0.12	-0.57	0.67
0.07	-0.62	0.66
0.07	-0.64	0.70
0.09	-0.63	0.77
0.11	-0.57	0.84
0.13	-0.51	0.92
0.12	-0.45	0.97
0.08	-0.43	0.99
0.06	-0.43	0.96
0.12	-0.42	0.92
0.19	-0.43	0.88
0.26	-0.47	0.83
0.28	-0.51	0.78
0.28	-0.54	0.72
0.26	-0.57	0.69
0.20	-0.58	0.67
0.18	-0.60	0.68
0.20	-0.60	0.87
0.12	-0.57	0.97
0.11	-0.57	0.92
0.11	-0.53	0.83
0.13	-0.54	0.78
0.17	-0.56	0.77
0.22	-0.59	0.76
0.23	-0.60	0.74
0.15	-0.60	0.72
0.06	-0.61	0.70
0.06	-0.63	0.68
0.14	-0.67	0.67
0.21	-0.70	0.68
0.25	-0.72	0.69
0.25	-0.74	0.69
0.23	-0.75	0.69
0.23	-0.74	0.73
0.22	-0.72	0.76
0.23	-0.69	0.74
0.24	-0.67	0.71
0.22	-0.65	0.67
0.17	-0.65	0.62
0.12	-0.66	0.57
0.10	-0.71	0.53
0.11	-0.75	0.52
0.14	-0.80	0.53
0.17	-0.84	0.53
0.21	-0.87	0.55
0.24	-0.89	0.60
0.28	-0.93	0.66
0.29	-0.92	0.70
0.26	-0.87	0.67
0.24	-0.80	0.61
0.22	-0.76	0.58
0.19	-0.73	0.54
0.17	-0.74	0.48
0.13	-0.75	0.42
0.10	-0.76	0.37
0.06	-0.80	0.33
0.04	-0.85	0.32
0.08	-0.90	0.36
0.16	-0.96	0.40
0.22	-0.98	0.47
0.24	-0.95	0.51
0.26	-0.89	0.54
0.28	-0.84	0.57
0.18	-0.74	0.47
0.28	-0.69	0.36
0.33	-0.72	0.42
0.22	-0.74	0.31
0.22	-0.82	0.27
0.18	-0.88	0.26
0.19	-0.94	0.23
0.19	-1.05	0.16
0.19	-1.06	0.18
0.19	-1.06	0.28
0.22	-1.03	0.38
0.28	-0.97	0.45
0.31	-0.88	0.47
0.28	-0.83	0.40
0.23	-0.80	0.30
0.24	-0.81	0.22
0.23	-0.85	0.17
0.19	-0.91	0.10
0.19	-0.94	0.05
0.18	-0.97	0.05
0.20	-0.99	0.11
0.24	-0.98	0.24
0.27	-1.00	0.37
0.29	-1.00	0.44
0.27	-0.98	0.40
0.26	-0.95	0.33
0.25	-0.93	0.25
0.22	-0.91	0.18
0.21	-0.89	0.13
0.20	-0.88	0.09
0.20	-0.88	0.05
0.20	-0.99	0.10
0.21	-0.96	0.12
0.17	-1.02	0.14
0.21	-1.09	0.21
0.25	-1.13	0.30
0.28	-1.11	0.36
0.27	-1.06	0.33
0.23	-1.00	0.26
0.21	-0.96	0.20
0.18	-0.95	0.13
0.17	-0.94	0.09
0.16	-0.94	0.08
0.16	-0.92	0.07
0.16	-0.92	0.08
0.16	-0.96	0.09
0.18	-0.98	0.12
0.18	-0.98	0.17
0.20	-0.97	0.21
0.21	-0.94	0.22
0.21	-0.93	0.20
0.18	-0.93	0.14
0.18	-0.94	0.09
0.16	-0.94	0.04
0.15	-0.96	0.03
0.15	-0.97	0.03
0.14	-0.97	0.04
0.14	-0.98	0.05
0.14	-0.98	0.08
0.17	-0.99	0.11
0.18	-1.00	0.15
0.20	-1.00	0.20
0.20	-0.99	0.19
0.18	-0.98	0.13
0.17	-0.97	0.08
0.16	-0.95	0.02
0.14	-0.94	-0.04
0.12	-0.95	-0.06
0.13	-1.00	-0.05
0.14	-1.02	-0.05
0.13	-1.03	-0.06
0.12	-1.03	-0.04
0.15	-1.03	0.01
0.16	-1.02	0.06
0.16	-1.01	0.05
0.17	-1.00	0.03
0.18	-1.00	0.01
0.18	-0.98	-0.04
0.18	-0.97	-0.07
0.18	-0.99	-0.09
0.18	-1.01	-0.12
0.18	-1.01	-0.12
0.19	-1.02	-0.09
0.19	-1.02	-0.07
0.20	-1.04	-0.05
0.21	-1.05	-0.04
0.22	-1.05	-0.02
0.24	-1.02	-0.03
0.21	-0.98	-0.08
0.19	-0.96	-0.13
0.19	-0.97	-0.18
0.19	-0.98	-0.19
0.19	-1.00	-0.18
0.21	-1.01	-0.15
0.22	-1.01	-0.12
0.22	-1.01	-0.12
0.21	-1.01	-0.11
0.22	-1.02	-0.06
0.24	-1.01	-0.04
0.24	-1.00	-0.07
0.23	-0.98	-0.10
0.23	-0.98	-0.15
0.23	-0.98	-0.18
0.22	-0.96	-0.20
0.21	-0.95	-0.24
0.20	-0.95	-0.25
0.21	-0.95	-0.23
0.22	-0.96	-0.21
0.23	-0.98	-0.20
0.24	-0.99	-0.18
0.26	-1.00	-0.12
0.26	-0.98	-0.09
0.27	-0.96	-0.12
0.26	-0.93	-0.17
0.25	-0.93	-0.21
0.26	-0.93	-0.24
0.25	-0.91	-0.25
0.25	-0.91	-0.25
0.26	-0.91	-0.23
0.28	-0.93	-0.20
0.29	-0.95	-0.19
0.28	-0.96	-0.18
0.30	-0.95	-0.17
0.30	-0.95	-0.13
0.30	-0.95	-0.12
0.31	-0.95	-0.16
0.31	-0.96	-0.20
0.31	-0.95	-0.25
0.30	-0.92	-0.29
0.30	-0.88	-0.31
0.30	-0.86	-0.31
0.32	-0.86	-0.32
0.33	-0.86	-0.32
0.34	-0.87	-0.31
0.38	-0.88	-0.30
0.49	-0.82	-0.32
0.43	-0.88	-0.30
0.41	-0.94	-0.20
0.44	-0.99	-0.26
0.44	-0.98	-0.32
0.42	-0.99	-0.34
0.43	-0.94	-0.41
0.41	-0.88	-0.47
0.39	-0.84	-0.51
0.37	-0.84	-0.53
0.34	-0.90	-0.50
0.33	-0.97	-0.47
0.34	-1.00	-0.45
0.34	-0.98	-0.43
0.37	-0.90	-0.39
0.48	-0.74	-0.37
0.47	-0.68	-0.39
0.48	-0.70	-0.39
0.43	-0.71	-0.41
0.47	-0.74	-0.46
0.45	-0.76	-0.49
0.43	-0.75	-0.53
0.42	-0.75	-0.53
0.40	-0.75	-0.49
0.39	-0.74	-0.47
0.41	-0.77	-0.45
0.44	-0.82	-0.44
0.46	-0.87	-0.45
0.44	-0.89	-0.49
0.44	-0.86	-0.53
0.47	-0.77	-0.52
0.48	-0.71	-0.53
0.47	-0.66	-0.53
0.43	-0.63	-0.55
0.44	-0.66	-0.60
0.44	-0.68	-0.64
0.44	-0.68	-0.67
0.42	-0.68	-0.66
0.42	-0.69	-0.63
0.42	-0.70	-0.63
0.42	-0.69	-0.62
0.44	-0.70	-0.60
0.44	-0.70	-0.57
0.44	-0.70	-0.57
0.46	-0.70	-0.58
0.46	-0.69	-0.62
0.46	-0.68	-0.66
0.44	-0.68	-0.68
0.43	-0.69	-0.69
0.45	-0.66	-0.72
0.44	-0.63	-0.75
0.45	-0.60	-0.76
0.47	-0.60	-0.73
0.48	-0.59	-0.71
0.48	-0.61	-0.70
0.49	-0.61	-0.71
0.50	-0.63	-0.71
0.48	-0.62	-0.70
0.45	-0.62	-0.69
0.42	-0.59	-0.64
0.42	-0.58	-0.62
0.42	-0.55	-0.64
0.56	-0.52	-0.66
0.53	-0.53	-0.72
0.47	-0.63	-0.74
0.49	-0.65	-0.78
0.49	-0.58	-0.80
0.44	-0.53	-0.82
0.34	-0.51	-0.86
0.26	-0.51	-0.91
0.29	-0.52	-0.82
0.34	-0.52	-0.74
0.38	-0.49	-0.76
0.43	-0.48	-0.83
0.43	-0.47	-0.84
0.45	-0.44	-0.87
0.44	-0.40	-0.91
0.48	-0.39	-0.95
0.44	-0.40	-1.00
0.41	-0.43	-0.98
0.39	-0.40	-0.95
0.47	-0.33	-0.91
0.55	-0.30	-0.90
0.56	-0.29	-0.85
0.54	-0.25	-0.80
0.50	-0.25	-0.81
0.43	-0.23	-0.80
0.32	-0.21	-0.81
0.24	-0.21	-0.89
0.25	-0.29	-0.98
0.31	-0.32	-0.97
0.39	-0.34	-1.02
0.46	-0.36	-1.06
0.49	-0.33	-1.05
0.47	-0.31	-1.02
0.45	-0.29	-0.99
0.42	-0.30	-0.93
0.41	-0.30	-0.87
0.39	-0.28	-0.84
0.37	-0.23	-0.87
0.37	-0.19	-0.90
0.39	-0.14	-0.95
0.48	-0.16	-0.99
0.49	-0.23	-0.92
0.50	-0.29	-0.86
0.51	-0.32	-0.85
0.49	-0.30	-0.81
0.44	-0.30	-0.77
0.37	-0.24	-0.82
0.28	-0.22	-0.84
0.22	-0.23	-0.86
0.20	-0.22	-0.87
0.24	-0.22	-0.91
0.30	-0.25	-0.93
0.37	-0.23	-0.92
0.42	-0.22	-0.90
0.43	-0.21	-0.85
0.41	-0.19	-0.86
0.38	-0.19	-0.86
0.36	-0.18	-0.83
0.35	-0.17	-0.80
0.36	-0.16	-0.80
0.38	-0.14	-0.82
0.39	-0.10	-0.88
0.40	-0.09	-0.90
0.42	-0.11	-0.89
0.41	-0.12	-0.91
0.39	-0.10	-0.95
0.35	-0.08	-1.01
0.31	-0.05	-1.06
0.29	-0.05	-1.09
0.28	-0.03	-1.11
0.28	-0.01	-1.12
0.29	0.01	-1.15
0.31	-0.00	-1.13
0.34	-0.02	-1.10
0.37	-0.07	-1.06
0.37	-0.07	-1.01
0.34	-0.05	-1.03
0.30	-0.04	-1.07
0.29	-0.02	-1.07
0.29	-0.02	-1.03
0.30	-0.01	-1.00
0.31	-0.01	-1.00
0.32	-0.02	-1.01
0.32	-0.05	-1.00
0.32	-0.07	-0.99
0.30	-0.04	-0.97
0.27	-0.01	-1.03
0.22	0.00	-1.15
0.19	-0.02	-1.13
0.17	-0.02	-1.05
0.18	0.02	-0.96
0.28	0.05	-0.91
0.28	0.07	-0.90
0.27	0.11	-0.89
0.25	0.10	-0.92
0.24	0.05	-0.89
0.23	0.00	-0.90
0.29	0.04	-1.00
0.33	0.04	-1.12
0.21	-0.02	-1.16
0.06	-0.05	-1.06
0.12	-0.05	-1.06
0.13	-0.04	-1.05
0.17	-0.04	-0.99
0.21	-0.02	-0.97
0.24	-0.02	-0.96
0.26	-0.02	-0.95
0.27	-0.04	-0.95
0.24	-0.03	-0.94
0.19	0.02	-0.96
0.17	0.06	-1.03
0.15	0.09	-1.11
0.14	0.12	-1.14
0.15	0.15	-1.16
0.17	0.15	-1.13
0.19	0.15	-1.08
0.21	0.15	-1.06
0.23	0.12	-1.07
0.23	0.10	-1.05
0.22	0.09	-1.01
0.20	0.10	-0.96
0.18	0.13	-0.95
0.18	0.14	-1.01
0.17	0.15	-1.04
0.15	0.17	-1.02
0.09	0.14	-1.02
0.03	0.10	-1.07
0.01	0.10	-1.10
0.02	0.09	-1.13
0.05	0.11	-1.13
0.12	0.12	-1.12
0.22	0.11	-1.06
0.25	0.11	-1.03
0.16	0.16	-0.69
0.32	0.20	-0.85
0.33	-0.02	-0.87
0.32	0.20	-0.85
0.29	0.30	-0.97
0.14	0.29	-1.09
-0.01	0.24	-1.12
-0.02	0.20	-1.09
0.04	0.09	-1.10
0.15	0.06	-1.11
0.23	0.08	-1.10
0.22	0.14	-1.07
0.21	0.16	-1.04
0.17	0.20	-1.00
0.14	0.22	-0.99
0.13	0.21	-0.97
0.17	0.14	-1.00
0.14	0.17	-0.89
0.05	0.24	-0.81
0.01	0.24	-0.86
-0.00	0.25	-0.89
-0.04	0.26	-0.90
0.03	0.25	-0.91
0.14	0.23	-0.88
0.16	0.20	-0.79
0.18	0.24	-0.78
0.17	0.27	-0.80
0.10	0.28	-0.86
0.03	0.31	-0.95
0.01	0.32	-0.98
0.03	0.32	-0.98
0.06	0.31	-0.99
0.06	0.30	-0.99
0.02	0.31	-1.00
-0.01	0.35	-1.00
-0.04	0.39	-0.99
-0.07	0.42	-0.97
-0.09	0.44	-0.93
-0.06	0.46	-0.89
-0.04	0.49	-0.89
-0.05	0.51	-0.94
-0.05	0.51	-0.99
-0.04	0.50	-1.03
-0.03	0.48	-1.02
0.02	0.47	-0.97
0.05	0.48	-0.92
0.06	0.51	-0.89
0.03	0.52	-0.88
-0.02	0.54	-0.87
-0.07	0.55	-0.86
-0.10	0.57	-0.88
-0.12	0.56	-0.90
-0.11	0.56	-0.85
-0.09	0.57	-0.80
-0.05	0.58	-0.76
-0.00	0.57	-0.73
0.04	0.57	-0.75
0.06	0.56	-0.81
0.06	0.53	-0.85
0.04	0.53	-0.85
0.02	0.53	-0.85
0.06	0.49	-0.84
0.12	0.48	-0.81
0.10	0.53	-0.79
0.03	0.61	-0.78
-0.01	0.69	-0.78
-0.02	0.73	-0.76
-0.06	0.76	-0.75
-0.07	0.79	-0.75
-0.06	0.81	-0.76
-0.12	0.80	-0.74
-0.11	0.79	-0.73
-0.00	0.76	-0.73
0.09	0.74	-0.72
0.13	0.73	-0.73
0.09	0.75	-0.75
0.07	0.75	-0.74
0.09	0.73	-0.75
0.08	0.76	-0.75
0.02	0.80	-0.76
-0.02	0.84	-0.76
-0.10	0.90	-0.75
-0.18	0.95	-0.72
-0.18	0.97	-0.67
-0.13	0.97	-0.62
-0.03	0.91	-0.55
0.09	0.85	-0.52
0.15	0.81	-0.51
0.18	0.78	-0.56
0.16	0.77	-0.66
0.12	0.77	-0.73
0.08	0.75	-0.78
0.04	0.77	-0.80
-0.04	0.82	-0.78
-0.11	0.88	-0.74
-0.09	0.91	-0.68
-0.01	0.90	-0.61
0.04	0.89	-0.54
0.07	0.90	-0.49
0.08	0.90	-0.44
0.11	0.89	-0.40
0.14	0.90	-0.39
0.11	0.93	-0.38
0.04	0.97	-0.39
-0.03	1.00	-0.43
-0.02	1.00	-0.44
0.01	0.98	-0.43
0.03	0.97	-0.41
0.08	0.95	-0.41
0.11	0.95	-0.40
0.12	0.95	-0.39
0.10	0.97	-0.37
0.06	0.98	-0.36
0.04	0.99	-0.35
0.05	0.98	-0.34
0.04	0.99	-0.32
0.04	0.99	-0.30
0.05	1.00	-0.26
0.03	1.01	-0.24
0.02	1.03	-0.24
-0.00	1.03	-0.26
-0.02	1.00	-0.29
0.04	0.94	-0.32
0.14	0.89	-0.33
0.16	0.88	-0.31
0.16	0.89	-0.29
0.14	0.90	-0.28
0.08	0.93	-0.27
-0.02	0.96	-0.28
-0.08	1.00	-0.23
-0.10	1.00	-0.17
-0.05	1.01	-0.11
-0.03	1.02	-0.07
-0.01	1.00	-0.05
0.01	0.97	-0.06
0.05	0.93	-0.10
0.09	0.91	-0.15
0.07	0.89	-0.19
0.02	0.90	-0.20
-0.02	0.92	-0.18
-0.04	0.96	-0.11
-0.04	0.98	-0.03
-0.04	1.00	0.03
-0.05	1.01	0.09
-0.09	1.02	0.15
-0.08	1.00	0.19
-0.01	1.01	0.19
0.03	1.00	0.18
0.04	0.97	0.15
0.04	0.93	0.10
0.06	0.90	0.06
0.01	0.89	0.04
-0.07	0.90	0.04
-0.13	0.94	0.07
-0.14	0.99	0.12
-0.14	1.03	0.18
-0.16	1.04	0.23
-0.14	1.01	0.26
-0.09	0.96	0.26
-0.02	0.89	0.23
-0.01	0.82	0.20
-0.04	0.76	0.18
-0.05	0.72	0.17
-0.01	0.72	0.19
0.00	0.74	0.23
-0.01	0.78	0.29
-0.03	0.85	0.32
-0.11	0.91	0.37
-0.21	0.97	0.39
-0.27	1.03	0.40
-0.27	1.04	0.41
-0.24	1.01	0.42
-0.17	0.94	0.40
-0.06	0.85	0.36
0.01	0.77	0.36
0.04	0.76	0.39
-0.02	0.80	0.43
-0.11	0.88	0.46
-0.22	0.95	0.46
-0.29	0.99	0.44
-0.31	1.00	0.43
-0.29	1.00	0.44
-0.26	0.97	0.47
-0.21	0.92	0.50
-0.11	0.87	0.47
-0.08	0.83	0.43
-0.13	0.80	0.42
-0.19	0.79	0.44
-0.20	0.81	0.47
-0.18	0.86	0.55
-0.26	0.96	0.50
-0.28	0.96	0.41
-0.26	1.01	0.50
-0.26	0.98	0.55
-0.22	0.92	0.59
-0.16	0.84	0.60
-0.12	0.76	0.60
-0.13	0.71	0.58
-0.17	0.73	0.55
-0.22	0.80	0.53
-0.27	0.82	0.53
-0.29	0.81	0.55
-0.28	0.77	0.57
-0.29	0.72	0.62
-0.31	0.69	0.68
-0.26	0.64	0.69
-0.13	0.61	0.59
-0.14	0.66	0.53
-0.23	0.73	0.57
-0.28	0.78	0.63
-0.30	0.80	0.67
-0.32	0.78	0.67
-0.35	0.73	0.67
-0.38	0.69	0.71
-0.41	0.65	0.80
-0.39	0.61	0.86
-0.26	0.56	0.76
-0.11	0.54	0.48
-0.18	0.57	0.29
-0.34	0.63	0.37
-0.35	0.70	0.59
-0.39	0.66	0.79
-0.39	0.60	0.75
-0.40	0.53	0.69
-0.44	0.48	0.68
-0.45	0.47	0.71
-0.44	0.50	0.81
-0.39	0.51	0.86
-0.29	0.50	0.75
-0.28	0.50	0.57
-0.40	0.50	0.45
-0.47	0.49	0.50
-0.84	0.20	0.84
-0.42	0.40	0.69
-0.31	0.57	0.66
-0.42	0.46	0.72
-0.54	0.44	0.80
-0.55	0.43	0.81
-0.55	0.42	0.80
-0.51	0.40	0.78
-0.47	0.40	0.81
-0.43	0.40	0.78
-0.45	0.38	0.71
-0.48	0.38	0.68
-0.49	0.37	0.69
-0.51	0.36	0.71
-0.51	0.35	0.72
-0.50	0.35	0.77
-0.49	0.34	0.86
-0.49	0.33	0.89
-0.49	0.35	0.86
-0.50	0.35	0.81
-0.51	0.33	0.76
-0.50	0.31	0.76
-0.50	0.32	0.75
-0.59	0.26	0.75
-0.72	0.24	0.77
-0.55	0.29	0.59
-0.52	0.30	0.63
-0.56	0.24	0.69
-0.53	0.24	0.77
-0.47	0.23	0.90
-0.44	0.24	1.01
-0.44	0.22	1.03
-0.48	0.21	0.97
-0.51	0.21	0.84
-0.54	0.19	0.75
-0.54	0.17	0.71
-0.54	0.15	0.69
-0.51	0.14	0.71
-0.49	0.11	0.75
-0.50	0.10	0.81
-0.50	0.11	0.83
-0.50	0.12	0.82
-0.50	0.12	0.82
-0.49	0.12	0.83
-0.48	0.10	0.84
-0.49	0.08	0.84
-0.51	0.07	0.85
-0.53	0.04	0.86
-0.54	0.02	0.85
-0.48	0.02	0.85
-0.49	-0.01	0.88
-0.51	-0.03	0.83
-0.49	-0.05	0.75
-0.49	-0.05	0.75
-0.52	-0.06	0.74
-0.50	-0.07	0.77
-0.47	-0.07	0.82
-0.44	-0.05	0.87
-0.42	-0.04	0.90
-0.43	-0.06	0.97
-0.43	-0.11	0.98
-0.45	-0.14	0.96
-0.46	-0.15	0.97
-0.45	-0.15	0.92
-0.45	-0.19	0.88
-0.44	-0.25	0.84
-0.45	-0.28	0.78
-0.45	-0.22	0.69
-0.43	-0.17	0.68
-0.46	-0.19	0.73
-0.49	-0.25	0.81
-0.46	-0.28	0.84
-0.42	-0.31	0.87
-0.42	-0.31	0.95
-0.41	-0.32	0.98
-0.38	-0.34	0.96
-0.38	-0.35	0.91
-0.38	-0.35	0.80
-0.40	-0.27	0.71
-0.39	-0.19	0.68
-0.37	-0.22	0.76
-0.37	-0.34	0.84
-0.37	-0.43	0.86
-0.37	-0.47	0.82
-0.36	-0.45	0.78
-0.35	-0.45	0.80
-0.34	-0.47	0.85
-0.31	-0.52	0.91
-0.32	-0.50	0.89
-0.31	-0.45	0.83
-0.30	-0.41	0.82
-0.28	-0.40	0.80
-0.28	-0.41	0.74
-0.32	-0.47	0.76
-0.36	-0.59	0.78
-0.36	-0.64	0.77
-0.32	-0.61	0.77
-0.26	-0.55	0.75
-0.23	-0.50	0.76
-0.23	-0.48	0.78
-0.25	-0.49	0.78
-0.26	-0.53	0.78
-0.27	-0.56	0.78
-0.29	-0.58	0.76
-0.31	-0.58	0.73
-0.29	-0.57	0.71
-0.28	-0.58	0.71
-0.28	-0.59	0.67
-0.29	-0.61	0.67
-0.28	-0.63	0.69
-0.26	-0.66	0.65
-0.28	-0.69	0.62
-0.09	-0.72	0.49
-0.06	-0.73	0.61
-0.20	-0.72	0.80
-0.26	-0.73	0.83
-0.26	-0.72	0.75
-0.23	-0.70	0.68
-0.23	-0.68	0.65
-0.25	-0.68	0.61
-0.28	-0.70	0.59
-0.26	-0.69	0.58
-0.22	-0.70	0.61
-0.21	-0.74	0.65
-0.20	-0.76	0.70
-0.17	-0.74	0.72
-0.13	-0.71	0.69
-0.09	-0.68	0.68
-0.11	-0.69	0.65
-0.13	-0.68	0.61
-0.16	-0.66	0.58
-0.16	-0.67	0.58
-0.14	-0.68	0.62
-0.12	-0.70	0.64
-0.10	-0.72	0.65
-0.10	-0.74	0.63
-0.10	-0.77	0.62
-0.07	-0.77	0.62
-0.06	-0.74	0.61
-0.09	-0.71	0.60
-0.10	-0.68	0.61
-0.10	-0.70	0.66
-0.09	-0.72	0.62
-0.10	-0.79	0.55
-0.12	-0.85	0.49
-0.14	-0.86	0.45
-0.17	-0.83	0.35
0.14	-0.87	0.94
0.24	-0.83	0.58
0.34	-0.81	0.65
0.16	-0.78	0.64
0.02	-0.74	0.63
-0.09	-0.79	0.46
-0.10	-0.79	0.37
-0.01	-0.83	0.37
0.16	-0.88	0.42
0.30	-0.95	0.57
0.26	-0.91	0.64
0.32	-0.83	0.76
0.21	-0.81	0.65
0.22	-0.70	0.52
0.26	-0.72	0.47
0.29	-0.78	0.47
0.31	-0.78	0.46
0.26	-0.82	0.45
0.19	-0.88	0.38
0.18	-0.93	0.28
0.26	-0.96	0.30
0.33	-1.02	0.39
0.27	-0.97	0.41
0.21	-0.90	0.42
0.16	-0.84	0.42
0.21	-0.74	0.40
0.29	-0.70	0.43
0.27	-0.69	0.45
0.25	-0.66	0.54
0.23	-0.67	0.39
0.35	-0.72	0.46
0.38	-0.82	0.49
0.39	-0.87	0.51
0.42	-0.85	0.46
0.46	-0.80	0.50
0.44	-0.76	0.51
0.41	-0.70	0.47
0.40	-0.64	0.45
0.38	-0.62	0.43
0.42	-0.66	0.44
0.48	-0.69	0.45
0.49	-0.71	0.43
0.50	-0.71	0.46
0.53	-0.71	0.50
0.55	-0.70	0.53
0.51	-0.69	0.50
0.47	-0.71	0.44
0.49	-0.74	0.42
0.51	-0.78	0.43
0.52	-0.79	0.42
0.51	-0.77	0.43
0.47	-0.71	0.43
0.46	-0.65	0.42
0.50	-0.59	0.44
0.56	-0.55	0.47
0.59	-0.53	0.48
0.59	-0.56	0.46
0.58	-0.60	0.42
0.60	-0.68	0.42
0.61	-0.73	0.43
0.62	-0.73	0.43
0.61	-0.70	0.42
0.60	-0.66	0.42
0.59	-0.60	0.43
0.60	-0.53	0.40
0.58	-0.46	0.35
0.57	-0.44	0.36
0.60	-0.57	0.36
0.74	-0.67	0.40
0.98	-0.54	0.42
0.99	-0.65	0.59
0.86	-0.68	0.45
0.92	-0.16	0.27
0.70	-0.21	0.51
0.46	-0.37	0.58
0.58	-0.51	0.50
0.64	-0.48	0.37
0.65	-0.53	0.37
0.71	-0.54	0.39
0.74	-0.49	0.38
0.78	-0.44	0.41
0.85	-0.45	0.48
0.90	-0.52	0.51
0.87	-0.52	0.44
0.87	-0.51	0.39
0.87	-0.49	0.35
0.84	-0.43	0.29
0.85	-0.35	0.34
0.83	-0.28	0.39
0.76	-0.20	0.37
0.69	-0.15	0.37
0.69	-0.15	0.43
0.69	-0.18	0.46
0.73	-0.24	0.45
0.73	-0.29	0.42
0.81	-0.27	0.45
0.95	-0.17	0.61
0.91	-0.16	0.56
0.82	-0.11	0.50
0.78	-0.12	0.45
0.81	-0.10	0.46
0.80	-0.12	0.44
0.75	-0.16	0.41
0.68	-0.19	0.35
0.71	-0.27	0.34
0.90	-0.33	0.44
1.06	-0.33	0.57
0.95	-0.19	0.61
0.72	0.04	0.38
0.91	-0.05	0.42
0.95	-0.21	0.57
0.91	-0.39	0.57
0.88	-0.25	0.50
0.71	-0.14	0.33
0.72	-0.20	0.29
0.78	-0.13	0.31
0.86	-0.14	0.37
1.01	-0.14	0.45
1.01	-0.08	0.52
0.96	0.01	0.55
0.87	0.04	0.50
0.81	0.05	0.46
0.80	0.06	0.50
0.82	0.07	0.54
0.83	0.05	0.54
0.82	0.02	0.51
0.80	-0.00	0.48
0.81	-0.03	0.42
0.85	-0.06	0.41
0.87	-0.08	0.41
0.91	-0.10	0.50
0.98	-0.25	0.70
0.85	-0.06	1.14
0.92	0.06	0.75
1.02	0.13	0.44
1.01	0.28	0.22
0.99	0.33	0.12
0.91	0.28	0.04
0.82	0.24	0.05
0.78	0.19	0.15
0.76	0.16	0.32
0.78	0.28	0.53
0.87	0.18	0.34
0.96	0.21	0.46
0.97	0.18	0.53
0.91	0.19	0.49
0.87	0.21	0.41
0.82	0.22	0.30
0.75	0.27	0.24
0.66	0.30	0.20
0.62	0.35	0.17
0.67	0.35	0.20
0.77	0.33	0.29
0.88	0.31	0.38
0.91	0.31	0.43
0.88	0.33	0.38
0.88	0.36	0.35
0.87	0.39	0.31
0.83	0.39	0.28
0.78	0.37	0.28
0.73	0.36	0.27
0.65	0.40	0.24
0.62	0.46	0.19
0.67	0.51	0.23
0.79	0.50	0.28
0.91	0.45	0.35
0.96	0.43	0.40
0.95	0.43	0.36
0.90	0.46	0.32
0.86	0.48	0.25
0.83	0.51	0.33
0.76	0.52	0.27
0.69	0.55	0.23
0.63	0.57	0.19
0.62	0.60	0.19
0.68	0.60	0.22
0.80	0.56	0.25
0.93	0.51	0.29
0.99	0.51	0.36
0.97	0.55	0.38
0.90	0.57	0.33
0.83	0.60	0.24
0.74	0.61	0.20
0.65	0.64	0.19
0.57	0.65	0.15
0.50	0.68	0.10
0.47	0.71	0.10
0.53	0.71	0.14
0.65	0.68	0.18
0.76	0.67	0.21
0.80	0.67	0.17
0.80	0.66	0.13
0.80	0.66	0.27
0.79	0.66	0.35
0.72	0.67	0.29
0.63	0.70	0.16
0.52	0.74	0.05
0.41	0.76	-0.03
0.33	0.86	-0.06
0.30	0.90	-0.09
0.36	0.89	-0.10
0.50	0.88	-0.03
0.65	0.83	0.04
0.77	0.78	0.09
0.81	0.75	0.11
0.78	0.73	0.13
0.73	0.71	0.14
0.66	0.67	0.12
0.58	0.68	0.07
0.49	0.72	0.01
0.38	0.77	-0.05
0.29	0.83	-0.11
0.23	0.89	-0.16
0.24	0.91	-0.18
0.29	0.92	-0.19
0.36	0.93	-0.17
0.42	0.92	-0.15
0.46	0.88	-0.14
0.49	0.84	-0.13
0.50	0.83	-0.13
0.49	0.83	-0.14
0.49	0.85	-0.14
0.48	0.87	-0.14
0.44	0.87	-0.13
0.41	0.86	-0.15
0.40	0.87	-0.18
0.40	0.90	-0.21
0.39	0.92	-0.25
0.38	0.90	-0.27
0.37	0.88	-0.26
0.35	0.84	-0.26
0.35	0.84	-0.27
0.35	0.86	-0.28
0.35	0.87	-0.30
0.34	0.89	-0.30
0.34	0.90	-0.28
0.32	0.91	-0.33
0.33	0.95	-0.31
0.34	0.96	-0.30
0.29	0.95	-0.33
0.25	0.92	-0.35
0.26	0.90	-0.34
0.28	0.87	-0.35
0.31	0.82	-0.35
0.31	0.80	-0.34
0.32	0.81	-0.34
0.29	0.85	-0.44
0.29	0.91	-0.40
0.31	0.93	-0.36
0.27	0.96	-0.41
0.24	0.97	-0.40
0.21	0.94	-0.43
0.19	0.92	-0.46
0.19	0.90	-0.42
0.18	0.90	-0.41
0.17	0.89	-0.41
0.17	0.85	-0.39
0.18	0.81	-0.38
0.17	0.79	-0.41
0.14	0.81	-0.45
0.12	0.88	-0.50
0.10	0.94	-0.49
0.09	0.98	-0.50
0.08	0.98	-0.53
0.06	0.97	-0.56
0.05	0.93	-0.59
0.04	0.89	-0.60
0.03	0.87	-0.60
0.03	0.86	-0.59
0.07	0.84	-0.59
0.10	0.81	-0.60
0.10	0.78	-0.58
0.09	0.78	-0.58
0.06	0.79	-0.59
0.04	0.81	-0.59
0.02	0.80	-0.61
0.00	0.78	-0.68
-0.00	0.79	-0.70
-0.01	0.78	-0.72
-0.02	0.76	-0.73
-0.03	0.73	-0.73
-0.03	0.72	-0.74
-0.05	0.71	-0.72
-0.09	0.70	-0.69
-0.14	0.72	-0.71
-0.19	0.75	-0.75
-0.21	0.76	-0.77
-0.18	0.76	-0.78
-0.12	0.72	-0.78
-0.07	0.71	-0.79
-0.03	0.69	-0.83
-0.04	0.67	-0.85
-0.08	0.63	-0.86
-0.09	0.63	-0.84
-0.08	0.63	-0.85
-0.08	0.65	-0.88
-0.09	0.64	-0.88
-0.14	0.63	-0.86
-0.16	0.62	-0.82
-0.14	0.57	-0.81
-0.13	0.53	-0.83
-0.16	0.55	-0.86
-0.18	0.56	-0.87
-0.23	0.51	-0.83
-0.28	0.44	-0.78
-0.33	0.40	-0.75
-0.33	0.41	-0.81
-0.33	0.47	-0.93
-0.32	0.47	-1.05
-0.32	0.44	-1.05
-0.28	0.42	-0.99
-0.23	0.39	-0.96
-0.21	0.38	-0.92
-0.21	0.38	-0.90
-0.16	0.39	-0.90
-0.11	0.37	-0.91
-0.12	0.34	-0.92
-0.17	0.31	-0.98
-0.19	0.24	-0.93
-0.18	0.17	-0.93
-0.16	0.11	-0.92
-0.13	0.11	-0.96
-0.17	0.11	-1.01
-0.26	0.14	-1.03
-0.31	0.17	-0.98
-0.40	0.22	-0.90
-0.43	0.22	-0.82
-0.42	0.22	-0.83
-0.38	0.22	-0.86
-0.33	0.20	-0.92
-0.28	0.18	-1.01
-0.24	0.15	-1.07
-0.22	0.12	-1.15
-0.17	0.10	-1.18
-0.14	0.09	-1.17
-0.17	0.07	-1.15
-0.29	0.06	-1.09
-0.41	0.05	-0.99
-0.50	0.02	-0.95
-0.54	0.00	-0.93
-0.55	-0.03	-0.90
-0.54	-0.08	-0.91
-0.47	-0.10	-0.93
-0.37	-0.10	-0.96
-0.32	-0.09	-0.99
-0.35	-0.11	-0.97
-0.38	-0.14	-0.94
-0.37	-0.19	-0.94
-0.38	-0.17	-0.96
-0.41	-0.16	-0.95
-0.46	-0.18	-0.95
-0.51	-0.20	-0.93
-0.51	-0.25	-0.91
-0.48	-0.28	-0.93
-0.42	-0.28	-0.93
-0.37	-0.28	-0.93
-0.34	-0.29	-0.91
-0.33	-0.32	-0.90
-0.33	-0.32	-0.87
-0.35	-0.33	-0.83
-0.40	-0.35	-0.82
-0.43	-0.35	-0.84
-0.42	-0.34	-0.85
-0.39	-0.35	-0.81
-0.37	-0.42	-0.76
-0.34	-0.46	-0.74
-0.30	-0.43	-0.79
-0.26	-0.42	-0.85
-0.25	-0.49	-0.86
-0.28	-0.52	-0.83
-0.33	-0.52	-0.82
-0.41	-0.47	-0.87
-0.41	-0.50	-0.91
-0.35	-0.54	-0.96
-0.28	-0.56	-0.92
-0.23	-0.58	-0.80
-0.23	-0.60	-0.69
-0.24	-0.58	-0.64
-0.28	-0.56	-0.68
-0.34	-0.57	-0.74
-0.35	-0.56	-0.81
-0.34	-0.57	-0.80
-0.36	-0.60	-0.75
-0.35	-0.62	-0.69
-0.34	-0.61	-0.64
-0.30	-0.61	-0.67
-0.21	-0.65	-0.76
-0.09	-0.70	-0.84
-0.01	-0.77	-0.87
-0.04	-0.79	-0.87
-0.14	-0.75	-0.83
-0.23	-0.74	-0.76
-0.32	-0.75	-0.73
-0.36	-0.74	-0.79
-0.34	-0.72	-0.82
-0.28	-0.72	-0.82
-0.23	-0.74	-0.80
-0.18	-0.74	-0.72
-0.15	-0.75	-0.62
-0.13	-0.75	-0.60
-0.12	-0.71	-0.66
0.13	-0.48	-0.90
0.02	-0.73	-0.66
-0.23	-0.94	-0.54
-0.45	-0.85	-0.62
-0.51	-0.71	-0.55
-0.52	-0.73	-0.55
-0.50	-0.80	-0.67
-0.36	-0.81	-0.78
-0.23	-0.78	-0.80
-0.18	-0.80	-0.75
-0.21	-0.81	-0.64
-0.25	-0.78	-0.58
-0.26	-0.75	-0.57
-0.27	-0.74	-0.56
-0.29	-0.76	-0.57
-0.27	-0.80	-0.57
-0.34	-0.73	-0.71
-0.33	-0.73	-0.74
-0.33	-0.74	-0.76
-0.29	-0.79	-0.68
-0.23	-0.82	-0.60
-0.20	-0.80	-0.59
-0.18	-0.79	-0.65
-0.18	-0.80	-0.67
-0.18	-0.80	-0.66
-0.22	-0.81	-0.62
-0.26	-0.79	-0.57
-0.29	-0.77	-0.57
-0.30	-0.79	-0.58
-0.35	-0.81	-0.62
-0.31	-0.86	-0.58
-0.30	-0.87	-0.57
-0.27	-0.81	-0.62
-0.24	-0.76	-0.65
-0.22	-0.78	-0.61
-0.17	-0.82	-0.57
-0.15	-0.83	-0.56
-0.23	-0.88	-0.56
-0.23	-0.88	-0.59
-0.18	-0.92	-0.51
-0.32	-0.85	-0.56
-0.28	-0.85	-0.55
-0.29	-0.84	-0.67
-0.21	-0.91	-0.69
-0.16	-0.96	-0.62
-0.18	-0.97	-0.56
-0.24	-0.88	-0.60
-0.30	-0.86	-0.61
-0.34	-0.90	-0.55
-0.33	-0.88	-0.51
-0.34	-0.88	-0.50
-0.32	-0.89	-0.43
-0.25	-0.90	-0.37
-0.20	-0.98	-0.28
-0.24	-0.92	-0.35
-0.22	-0.81	-0.53
-0.17	-0.80	-0.76
-0.18	-0.86	-0.90
-0.23	-0.88	-1.00
-0.29	-0.91	-1.01
-0.31	-0.95	-0.88
-0.29	-0.97	-0.66
-0.23	-0.96	-0.43
-0.36	-0.94	-0.31
-0.30	-0.86	-0.11
-0.14	-0.87	-0.14
-0.04	-0.92	-0.21
-0.01	-0.96	-0.29
-0.05	-0.96	-0.38
-0.11	-0.93	-0.42
-0.15	-0.91	-0.43
-0.18	-0.92	-0.40
-0.17	-0.92	-0.39
-0.16	-0.92	-0.40
-0.13	-0.92	-0.41
-0.08	-0.91	-0.43
-0.03	-0.93	-0.46
-0.01	-0.95	-0.45
-0.04	-0.95	-0.44
-0.11	-0.96	-0.44
-0.17	-0.98	-0.45
-0.17	-0.98	-0.45
-0.12	-0.95	-0.46
-0.04	-0.96	-0.45
0.04	-0.96	-0.44
0.09	-0.94	-0.44
0.06	-0.92	-0.44
0.00	-0.91	-0.44
-0.06	-0.92	-0.45
-0.11	-0.92	-0.43
-0.13	-0.93	-0.38
-0.10	-0.92	-0.32
-0.05	-0.91	-0.25
0.02	-0.91	-0.20
0.11	-0.90	-0.18
0.16	-0.92	-0.18
0.19	-0.91	-0.15
0.19	-0.90	-0.13
0.17	-0.93	-0.15
0.14	-0.96	-0.15
0.09	-0.94	-0.16
0.06	-0.90	-0.18
0.05	-0.91	-0.19
0.06	-0.95	-0.20
0.07	-0.96	-0.21
0.07	-0.96	-0.22
0.07	-0.96	-0.23
0.09	-0.99	-0.25
0.16	-1.01	-0.27
0.20	-1.02	-0.25
0.17	-1.04	-0.27
0.17	-0.97	-0.26
0.16	-0.99	-0.18
0.20	-0.96	-0.16
0.24	-0.93	-0.15
0.24	-0.93	-0.21
0.16	-0.98	-0.30
0.05	-1.02	-0.34
-0.02	-1.03	-0.35
-0.00	-1.00	-0.33
0.15	-0.98	-0.31
0.34	-0.99	-0.24
0.39	-0.97	-0.15
0.35	-0.97	-0.10
0.27	-0.98	-0.11
0.13	-1.00	-0.11
0.03	-1.02	-0.17
-0.09	-1.05	-0.30
-0.14	-1.09	-0.40
-0.08	-1.09	-0.43
0.07	-1.04	-0.44
0.25	-0.98	-0.37
0.41	-0.95	-0.28
0.51	-0.94	-0.16
0.56	-0.86	-0.19
0.49	-0.78	-0.21
0.38	-0.78	-0.21
0.23	-0.86	-0.23
0.10	-0.90	-0.21
0.01	-0.90	-0.17
-0.04	-0.91	-0.15
-0.01	-0.89	-0.14
0.01	-0.87	-0.11
0.04	-0.91	-0.07
0.05	-0.96	-0.07
0.07	-0.95	-0.05
0.10	-0.87	0.00
0.10	-0.78	0.07
0.12	-0.70	0.17
0.14	-0.67	0.21
0.15	-0.74	0.29
0.16	-0.81	0.30
0.21	-0.89	0.33
0.27	-0.97	0.35
0.34	-1.00	0.40
0.39	-1.00	0.51
0.41	-0.91	0.55
0.43	-0.72	0.58
0.37	-0.60	0.59
0.30	-0.52	0.54
0.29	-0.52	0.44
0.31	-0.60	0.32
0.37	-0.74	0.22
0.47	-0.85	0.23
0.68	-0.84	0.19
0.92	-0.83	0.21
1.06	-0.82	0.19
1.11	-0.81	0.13
1.11	-0.83	0.05
1.08	-0.89	-0.03
1.04	-0.98	-0.11
1.04	-1.04	-0.15
1.04	-1.05	-0.10
1.04	-1.03	-0.03
1.05	-0.96	0.07
1.05	-0.87	0.18
0.99	-0.78	0.25
0.90	-0.72	0.28
0.79	-0.68	0.31
0.67	-0.66	0.33
0.58	-0.62	0.35
0.52	-0.57	0.38
0.49	-0.53	0.43
0.46	-0.48	0.49
0.41	-0.47	0.53
0.34	-0.49	0.54
0.31	-0.51	0.56
0.31	-0.51	0.59
0.37	-0.47	0.64
0.43	-0.38	0.67
0.51	-0.42	0.70
0.52	-0.43	0.66
0.51	-0.49	0.60
0.50	-0.54	0.54
0.48	-0.59	0.48
0.48	-0.63	0.44
0.47	-0.68	0.42
0.49	-0.73	0.43
0.55	-0.72	0.48
0.65	-0.66	0.55
0.76	-0.56	0.60
0.84	-0.52	0.63
0.84	-0.52	0.58
0.78	-0.57	0.48
0.70	-0.63	0.38
0.64	-0.67	0.31
0.61	-0.65	0.30
0.60	-0.60	0.32
0.59	-0.56	0.36
0.58	-0.55	0.39
0.63	-0.49	0.47
0.71	-0.42	0.56
0.76	-0.37	0.62
0.75	-0.34	0.62
0.66	-0.38	0.54
0.53	-0.46	0.48
0.41	-0.57	0.44
0.38	-0.62	0.46
0.42	-0.59	0.57
0.50	-0.53	0.69
0.57	-0.47	0.79
0.59	-0.42	0.86
0.59	-0.39	0.86
0.59	-0.34	0.85
0.58	-0.29	0.84
0.53	-0.28	0.78
0.45	-0.32	0.70
0.36	-0.37	0.64
0.33	-0.41	0.60
0.35	-0.42	0.63
0.40	-0.42	0.69
0.45	-0.45	1.07
0.70	-0.42	1.11
0.71	-0.28	1.07
0.76	-0.20	0.98
0.72	-0.13	0.89
0.63	-0.18	0.84
0.53	-0.24	0.80
0.46	-0.33	0.70
0.47	-0.40	0.60
0.51	-0.44	0.51
0.56	-0.45	0.45
0.58	-0.42	0.43
0.54	-0.38	0.52
0.48	-0.26	0.59
0.44	-0.18	0.57
0.31	-0.16	0.73
0.24	-0.08	0.83
0.29	-0.10	0.84
0.27	-0.14	0.87
0.35	-0.19	0.98
0.52	-0.22	1.07
0.55	-0.12	1.05
0.56	-0.08	0.92
0.60	-0.10	0.80
0.64	-0.15	0.73
0.61	-0.15	0.67
0.64	-0.20	0.69
0.62	-0.27	0.69
0.56	-0.29	0.75
0.50	-0.27	0.79
0.47	-0.21	0.82
0.47	-0.15	0.86
0.48	-0.08	0.87
0.51	-0.05	0.86
0.57	-0.03	0.86
0.64	-0.05	0.88
0.65	-0.09	0.87
0.62	-0.13	0.83
0.57	-0.17	0.78
0.52	-0.19	0.73
0.49	-0.16	0.72
0.42	-0.03	0.71
0.39	0.09	0.68
0.41	0.10	0.69
0.43	0.06	0.71
0.47	0.02	0.73
0.53	0.00	0.73
0.62	-0.01	0.65
0.63	-0.11	0.70
0.57	-0.19	0.85
0.53	-0.20	1.03
0.51	-0.14	1.19
0.45	-0.03	1.09
0.41	0.06	0.96
0.42	0.15	0.91
0.43	0.14	0.93
0.45	0.19	0.89
0.43	0.21	0.71
0.33	0.15	0.75
0.36	0.16	0.85
0.46	0.18	0.86
0.51	0.23	0.86
0.49	0.26	0.85
0.49	0.26	0.84
0.50	0.28	0.85
0.45	0.25	0.87
0.41	0.21	0.87
0.40	0.17	0.86
0.39	0.15	0.85
0.39	0.14	0.84
0.40	0.17	0.83
0.41	0.21	0.82
0.43	0.25	0.83
0.45	0.27	0.85
0.47	0.28	0.84
0.47	0.27	0.81
0.46	0.26	0.81
0.44	0.27	0.79
0.43	0.26	0.81
0.40	0.26	0.82
0.38	0.24	0.80
0.36	0.23	0.81
0.33	0.23	0.85
0.35	0.23	0.87
0.36	0.23	0.86
0.36	0.23	0.85
0.37	0.22	0.83
0.38	0.22	0.80
0.39	0.25	0.79
0.40	0.29	0.77
0.40	0.31	0.75
0.39	0.32	0.76
0.37	0.33	0.78
0.35	0.32	0.79
0.33	0.31	0.80
0.31	0.30	0.81
0.31	0.28	0.81
0.32	0.28	0.79
0.33	0.28	0.78
0.34	0.29	0.78
0.35	0.31	0.80
0.36	0.32	0.82
0.37	0.32	0.83
0.37	0.30	0.83
0.37	0.29	0.83
0.36	0.30	0.84
0.37	0.30	0.85
0.37	0.32	0.85
0.37	0.32	0.84
0.36	0.33	0.82
0.36	0.35	0.81
0.36	0.37	0.81
0.35	0.37	0.80
0.35	0.37	0.81
0.35	0.37	0.82
0.36	0.38	0.81
0.37	0.39	0.81
0.37	0.39	0.81
0.38	0.39	0.80
0.38	0.40	0.79
0.38	0.41	0.78
0.37	0.43	0.78
0.37	0.43	0.78
0.34	0.44	0.77
0.32	0.44	0.76
0.31	0.45	0.74
0.31	0.47	0.74
0.30	0.48	0.75
0.29	0.51	0.76
0.32	0.52	0.79
0.32	0.52	0.80
0.32	0.51	0.81
0.32	0.51	0.80
0.32	0.51	0.77
0.31	0.51	0.75
0.30	0.53	0.76
0.30	0.53	0.74
0.30	0.53	0.73
0.29	0.54	0.74
0.28	0.53	0.73
0.29	0.52	0.73
0.29	0.52	0.73
0.29	0.51	0.71
0.29	0.52	0.72
0.30	0.55	0.74
0.31	0.57	0.74
0.31	0.57	0.76
0.31	0.56	0.77
0.30	0.55	0.79
0.32	0.55	0.80
0.32	0.54	0.76
0.32	0.53	0.74
0.30	0.54	0.74
0.30	0.57	0.71
0.28	0.59	0.70
0.27	0.59	0.71
0.26	0.60	0.70
0.26	0.60	0.71
0.26	0.62	0.74
0.27	0.61	0.74
0.27	0.60	0.72
0.28	0.59	0.71
0.28	0.59	0.69
0.28	0.61	0.66
0.26	0.62	0.64
0.23	0.64	0.63
0.23	0.64	0.62
0.21	0.65	0.64
0.22	0.65	0.66
0.22	0.64	0.66
0.23	0.65	0.69
0.24	0.65	0.70
0.25	0.65	0.69
0.25	0.65	0.67
0.26	0.66	0.64
0.26	0.68	0.62
0.26	0.70	0.61
0.25	0.72	0.60
0.24	0.71	0.61
0.21	0.71	0.64
0.21	0.71	0.66
0.20	0.70	0.64
0.19	0.70	0.63
0.19	0.70	0.59
0.18	0.69	0.58
0.19	0.71	0.59
0.22	0.73	0.56
0.24	0.74	0.53
0.25	0.73	0.53
0.25	0.74	0.53
0.25	0.74	0.50
0.23	0.75	0.50
0.21	0.75	0.49
0.20	0.76	0.47
0.19	0.76	0.45
0.18	0.77	0.45
0.18	0.78	0.44
0.18	0.79	0.44
0.19	0.79	0.46
0.19	0.80	0.44
0.21	0.78	0.44
0.21	0.80	0.45
0.22	0.80	0.45
0.23	0.80	0.46
0.23	0.80	0.46
0.24	0.79	0.42
0.24	0.79	0.39
0.26	0.81	0.37
0.26	0.83	0.36
0.26	0.85	0.36
0.26	0.86	0.37
0.26	0.86	0.38
0.24	0.86	0.38
0.21	0.85	0.40
0.20	0.85	0.41
0.18	0.84	0.42
0.18	0.84	0.44
0.19	0.83	0.43
0.21	0.83	0.42
0.22	0.84	0.41
0.24	0.85	0.38
0.26	0.86	0.36
0.26	0.87	0.35
0.27	0.89	0.35
0.26	0.91	0.36
0.24	0.91	0.39
0.22	0.89	0.42
0.20	0.88	0.44
0.19	0.86	0.44
0.18	0.86	0.43
0.18	0.87	0.43
0.19	0.88	0.42
0.21	0.88	0.40
0.22	0.88	0.37
0.25	0.89	0.36
0.26	0.90	0.34
0.27	0.90	0.33
0.26	0.90	0.34
0.26	0.90	0.33
0.26	0.91	0.32
0.25	0.90	0.31
0.24	0.90	0.30
0.23	0.91	0.32
0.23	0.91	0.30
0.22	0.89	0.28
0.22	0.88	0.29
0.23	0.89	0.29
0.24	0.89	0.28
0.24	0.89	0.28
0.24	0.89	0.26
0.25	0.88	0.24
0.26	0.88	0.21
0.27	0.89	0.20
0.28	0.89	0.18
0.28	0.90	0.18
0.27	0.89	0.18
0.26	0.89	0.20
0.26	0.89	0.22
0.25	0.88	0.23
0.25	0.88	0.23
0.23	0.88	0.23
0.23	0.88	0.22
0.24	0.89	0.21
0.25	0.90	0.20
0.25	0.90	0.19
0.26	0.89	0.20
0.27	0.90	0.19
0.28	0.89	0.17
0.29	0.90	0.16
0.30	0.90	0.14
0.30	0.91	0.14
0.30	0.91	0.15
0.29	0.92	0.16
0.28	0.92	0.17
0.26	0.91	0.17
0.24	0.90	0.17
0.23	0.91	0.17
0.24	0.91	0.16
0.24	0.92	0.15
0.24	0.92	0.14
0.25	0.93	0.13
0.26	0.94	0.14
0.26	0.93	0.11
0.26	0.93	0.10
0.26	0.93	0.10
0.26	0.93	0.09
0.26	0.95	0.11
0.26	0.95	0.11
0.25	0.93	0.11
0.24	0.93	0.12
0.24	0.93	0.11
0.24	0.94	0.11
0.24	0.93	0.11
0.24	0.93	0.08
0.25	0.93	0.08
0.26	0.94	0.08
0.26	0.95	0.06
0.26	0.95	0.06
0.27	0.95	0.06
0.26	0.95	0.06
0.26	0.95	0.06
0.25	0.94	0.07
0.25	0.94	0.07
0.24	0.94	0.07
0.24	0.95	0.07
0.25	0.95	0.06
0.25	0.94	0.05
0.26	0.93	0.04
0.27	0.93	0.05
0.28	0.94	0.04
0.29	0.95	0.03
0.29	0.95	0.03
0.29	0.95	0.02
0.29	0.94	0.01
0.28	0.94	0.01
0.28	0.94	0.01
0.28	0.94	0.00
0.28	0.93	0.01
0.28	0.93	0.03
0.27	0.93	0.02
0.28	0.94	0.03
0.28	0.94	0.05
0.27	0.94	0.04
0.28	0.94	0.05
0.28	0.94	0.03
0.28	0.94	0.03
0.28	0.94	0.02
0.28	0.94	0.01
0.28	0.94	-0.01
0.28	0.93	-0.02
0.28	0.93	-0.02
0.28	0.93	-0.04
0.29	0.93	-0.03
0.30	0.93	-0.02
0.31	0.93	-0.04
0.31	0.92	-0.04
0.31	0.92	-0.05
0.32	0.93	-0.06
0.32	0.93	-0.07
0.32	0.92	-0.06
0.31	0.92	-0.05
0.31	0.92	-0.04
0.30	0.91	-0.03
0.30	0.92	-0.02
0.30	0.92	-0.01
0.30	0.92	-0.01
0.31	0.91	-0.02
